%%MatrixMarket vector coordinate real general
256
1   5.91543020680715958548e-02
2   5.87094840419847135982e-02
3   5.88884889261159019669e-02
4   5.96913434173521675885e-02
5   5.97171384004740943285e-02
6   5.97064261667624648910e-02
7   5.98449941560136658425e-02
8   5.93361024683166093929e-02
9   5.94475115998546743690e-02
10   5.97685964429560401268e-02
11   6.01554431453447738254e-02
12   6.01301071714243143274e-02
13   6.07822800815111530248e-02
14   6.12521789711638689480e-02
15   6.14748006167153693280e-02
16   6.14631421835824878763e-02
17   6.21903683578726579340e-02
18   6.18254020612395011058e-02
19   6.26272587697610239044e-02
20   6.32285402573055377307e-02
21   6.45728442532968460732e-02
22   6.35822852554496775745e-02
23   6.37161439004657048635e-02
24   6.43925058164093594426e-02
25   6.53862366497101749063e-02
26   6.60459566556366589607e-02
27   6.83280660771048847790e-02
28   6.87266792930717462795e-02
29   6.91597095162164859916e-02
30   7.01783634037058678956e-02
31   7.06242649308255893148e-02
32   7.10643689434536651728e-02
33   7.22808875973304926221e-02
34   7.29632797822755002626e-02
35   7.33486214663625207821e-02
36   7.30704482115178272084e-02
37   7.46200775881299682712e-02
38   7.55935056185199627521e-02
39   7.52708035715640016994e-02
40   7.56629328616746366087e-02
41   7.49867011707014002875e-02
42   7.41002226371259009596e-02
43   7.43819887228760606712e-02
44   7.54766553454075672658e-02
45   7.67473240652883498258e-02
46   7.65116084178672217764e-02
47   7.58889938301909594554e-02
48   7.44980999676365662765e-02
49   7.34870998207583225881e-02
50   7.29115131671869004526e-02
51   7.24772690115993989401e-02
52   7.13587046926136003844e-02
53   7.15439777950251654115e-02
54   6.88425881478343937303e-02
55   6.74453707238618221931e-02
56   6.61406889956441396139e-02
57   6.63323742545326722198e-02
58   6.56003487268078111505e-02
59   6.51091123840408098067e-02
60   6.39164859781621991219e-02
61   6.36977094993025766412e-02
62   6.38386862702994412055e-02
63   6.22591135257238789680e-02
64   6.11185485270629505483e-02
65   5.93920326178907498349e-02
66   5.79222103858038420143e-02
67   5.78617277331999468881e-02
68   5.81849306243170730224e-02
69   5.99922551261161188241e-02
70   6.09597900748091170442e-02
71   6.12342009930352260128e-02
72   6.10433049483546166791e-02
73   6.15672945886789543812e-02
74   6.21637321781661408848e-02
75   6.41966131093687358833e-02
76   6.52206624544328927851e-02
77   6.68175115435361566263e-02
78   6.76011508033106528481e-02
79   6.68883216866825308644e-02
80   6.69903464024509259778e-02
81   6.62964322287509927323e-02
82   6.60314509578524555522e-02
83   6.36665708635448246433e-02
84   6.23190584915504636188e-02
85   6.16598211123360953612e-02
86   5.89014974218882089718e-02
87   5.75427380729640336465e-02
88   5.71572599596937430677e-02
89   5.64128523523147740182e-02
90   5.47145011342474174576e-02
91   5.40967857316283495805e-02
92   5.38041455375059402000e-02
93   5.37323321239797160875e-02
94   5.33418837069591089683e-02
95   5.40908662623196881403e-02
96   5.37093333783349655142e-02
97   5.40756761253963352809e-02
98   5.44888580813178910467e-02
99   5.61156324248811011479e-02
100   5.77049057688425529045e-02
101   6.02623311371137046488e-02
102   6.02806505799575106930e-02
103   6.01276302923540104106e-02
104   5.98005589353198668823e-02
105   6.07261087873847138496e-02
106   6.17351935488859165924e-02
107   6.15498828519186538810e-02
108   6.12874388830941113637e-02
109   6.20828872152534225193e-02
110   6.33106873544021092615e-02
111   6.31765274913413388269e-02
112   6.41375431021404124321e-02
113   6.41875128975759323691e-02
114   6.44288896146105460883e-02
115   6.40957848656021483835e-02
116   6.36110978253412867600e-02
117   6.51765469289381227380e-02
118   6.53104150051430909496e-02
119   6.46481937035713882800e-02
120   6.55803688417460756144e-02
121   6.63103863735863274798e-02
122   6.64313728555614158022e-02
123   6.69079606307451668634e-02
124   6.83058693385558829414e-02
125   6.83014551725856650100e-02
126   6.97101647107066235698e-02
127   7.00209019332578008754e-02
128   7.02495753644967468876e-02
129   6.90831543838168193883e-02
130   6.92535761399970112295e-02
131   6.92497564912449153907e-02
132   6.94421651896087316347e-02
133   6.97535181438536239229e-02
134   6.84371043285257746325e-02
135   6.81805107067739585291e-02
136   6.89369027437845699469e-02
137   6.86616313004331235703e-02
138   6.84338616190318105303e-02
139   6.74331824805920881927e-02
140   6.70930464722462871485e-02
141   6.64866771255326477474e-02
142   6.63757515183300145223e-02
143   6.42476981172417221932e-02
144   6.31175721277607570947e-02
145   6.58881774889199522960e-02
146   6.86461148330320403144e-02
147   6.98395674765992374722e-02
148   7.12832374080044212095e-02
149   7.19992060626655355771e-02
150   7.27998416737603848414e-02
151   7.45988471143120279727e-02
152   7.73583986402662793225e-02
153   7.81554395848177152484e-02
154   7.84917283648041697042e-02
155   7.86659133798276594129e-02
156   7.78136586595246648734e-02
157   7.78201171257647400514e-02
158   7.70240641304153206281e-02
159   7.67431832607329694751e-02
160   7.67992432766963911694e-02
161   7.68839584816943255596e-02
162   7.81894778186592587232e-02
163   7.79355490324048494344e-02
164   7.65906817932736488919e-02
165   7.56591705663003655236e-02
166   7.66741362310440210948e-02
167   7.65014151895586774765e-02
168   7.57313533845217767837e-02
169   7.68409669179488247215e-02
170   7.60617087000315106327e-02
171   7.56281212785546302912e-02
172   7.63238285276822414627e-02
173   7.73546426723182301011e-02
174   7.83270095554096656976e-02
175   7.79015557170032180156e-02
176   7.75156676562362562111e-02
177   7.83485100255390531920e-02
178   7.77432074456759214520e-02
179   7.68365095851825941065e-02
180   7.61587522073436246073e-02
181   7.57970926251270438190e-02
182   7.32514085616473992202e-02
183   7.25922792998138638465e-02
184   7.19337891826983821808e-02
185   7.00886566051852483161e-02
186   7.02806492285749512261e-02
187   7.12446445073394718506e-02
188   6.97619864431660019477e-02
189   6.85512992285455813324e-02
190   6.64488062391615091906e-02
191   6.56423048254472646379e-02
192   6.50188468388285256694e-02
193   6.55466785633237458697e-02
194   6.45876768803051864998e-02
195   6.36106642420418699757e-02
196   6.28888527049903806043e-02
197   6.24475279684674963732e-02
198   6.21930619357883851528e-02
199   6.29073405275088898270e-02
200   6.14036809257190452360e-02
201   6.03745145661811893900e-02
202   6.02335578701995791318e-02
203   5.93047652427337798620e-02
204   5.80547319946701570470e-02
205   5.89512426988355042745e-02
206   5.81546154772898810092e-02
207   5.81056837557979433129e-02
208   5.75560869946705119804e-02
209   5.75329603578629278360e-02
210   5.77770400351174176490e-02
211   5.78956693592358323519e-02
212   5.68314877368745058339e-02
213   5.61583367242394077001e-02
214   5.46374831634310331729e-02
215   5.30019937626021800381e-02
216   5.21206564856918075357e-02
217   4.93618646200365412957e-02
218   4.75168792565641012748e-02
219   4.69997081986354356409e-02
220   4.65329004531852205573e-02
221   4.55215040947794594151e-02
222   4.35717337052419981247e-02
223   3.99251085852200468529e-02
224   3.76956334381815874601e-02
225   3.74550812970836644045e-02
226   3.75727810419782537465e-02
227   3.57684952284049798021e-02
228   3.39877244702717351554e-02
229   3.26103404263481319592e-02
230   3.20994812165544124438e-02
231   3.21578350169492571675e-02
232   3.13259581689766877788e-02
233   3.02639487292532260998e-02
234   2.95728676596939028809e-02
235   2.91103657054179974784e-02
236   2.98385978490951914166e-02
237   3.12187850825526927445e-02
238   2.94373261982877089393e-02
239   2.81508184101180274073e-02
240   2.79485398655456816763e-02
241   2.70780159782825873005e-02
242   2.50319090117690733199e-02
243   2.52749962185411930493e-02
244   2.47405465033241032946e-02
245   2.43104767991740890187e-02
246   2.38887020651507506197e-02
247   2.33132260429923972300e-02
248   2.29846727107123442735e-02
249   2.24087297304912357043e-02
250   2.20335764117215518465e-02
251   2.14479400517889468025e-02
252   2.12226399213882518935e-02
253   2.11502034502415170447e-02
254   2.03310577468289836733e-02
255   1.98722191626427013844e-02
256   1.87614035993757463650e-02
